A=[5 0 3;
    16/5 1 18/5;
    -2 0 -2]

V=[0.5; 1; -1]

O=A*V